99
6 2 0 2 0 2 0
3 1 0 2 0 0 0
545 270 0 123 0 152 0
657 250 0 310 0 97 0
391 170 0 161 0 60 0
721 351 0 222 0 148 0
277 86 0 104 0 87 0
864 37 0 691 0 136 0
123 3 0 61 0 59 0
401 180 0 147 0 74 0
4 3 0 1 0 0 0
616 206 0 274 0 136 0
912 123 0 370 0 419 0
158 51 0 48 0 59 0
826 260 0 297 0 269 0
502 26 0 109 0 367 0
872 515 0 280 0 77 0
874 693 0 144 0 37 0
328 93 0 146 0 89 0
216 141 0 67 0 8 0
780 348 0 268 0 164 0
742 280 0 348 0 114 0
995 246 0 346 0 403 0
941 436 0 101 0 404 0
691 243 0 316 0 132 0
4 2 0 1 0 1 0
80 28 0 26 0 26 0
132 55 0 44 0 33 0
1000 501 0 0 0 499 0
1000 250 0 250 0 500 0
3 0 0 0 0 3 0
867 200 0 255 0 412 0
298 127 0 68 0 103 0
427 113 0 127 0 187 0
398 198 0 102 0 98 0
840 310 0 63 0 467 0
220 97 0 101 0 22 0
1000 500 0 500 0 0 0
908 176 0 436 0 296 0
526 95 0 197 0 234 0
565 220 0 226 0 119 0
7 3 0 2 0 2 0
128 59 0 50 0 19 0
769 321 0 260 0 188 0
338 82 0 120 0 136 0
45 8 0 21 0 16 0
268 109 0 107 0 52 0
556 205 0 121 0 230 0
733 259 0 212 0 262 0
261 29 0 113 0 119 0
419 183 0 14 0 222 0
999 333 0 333 0 333 0
788 244 0 374 0 170 0
840 329 0 93 0 418 0
505 248 0 207 0 50 0
4 1 0 1 0 2 0
999 499 0 499 0 1 0
1000 333 0 334 0 333 0
925 451 0 436 0 38 0
450 89 0 162 0 199 0
95 10 0 79 0 6 0
5 2 0 1 0 2 0
672 299 0 166 0 207 0
6 0 0 3 0 3 0
356 72 0 90 0 194 0
4 2 0 2 0 0 0
544 136 0 177 0 231 0
5 2 0 0 0 3 0
974 356 0 267 0 351 0
650 264 0 209 0 177 0
198 57 0 59 0 82 0
947 374 0 275 0 298 0
519 233 0 174 0 112 0
196 52 0 51 0 93 0
5 1 0 3 0 1 0
816 182 0 337 0 297 0
967 193 0 178 0 596 0
281 124 0 94 0 63 0
3 1 0 1 0 1 0
17 5 0 6 0 6 0
448 133 0 157 0 158 0
759 237 0 195 0 327 0
4 1 0 2 0 1 0
228 56 0 111 0 61 0
4 0 0 2 0 2 0
999 499 0 500 0 0 0
986 485 0 409 0 92 0
6 3 0 1 0 2 0
999 500 0 249 0 250 0
687 150 0 292 0 245 0
523 206 0 188 0 129 0
956 315 0 409 0 232 0
1000 1 0 499 0 500 0
932 361 0 273 0 298 0
322 136 0 48 0 138 0
390 125 0 127 0 138 0
690 151 0 247 0 292 0
966 460 0 33 0 473 0
999 499 0 250 0 250 0
