99
6 2 0 2 0 2 0
3 1 0 2 0 0 0
230 114 0 12 0 104 0
386 138 0 155 0 93 0
60 25 0 25 0 10 0
999 249 0 500 0 250 0
21 9 0 10 0 2 0
778 624 0 33 0 121 0
394 123 0 140 0 131 0
821 181 0 393 0 247 0
552 149 0 169 0 234 0
265 3 0 49 0 213 0
397 119 0 171 0 107 0
28 13 0 1 0 14 0
343 122 0 97 0 124 0
145 61 0 66 0 18 0
376 63 0 205 0 108 0
106 50 0 23 0 33 0
3 3 0 0 0 0 0
847 186 0 154 0 507 0
358 118 0 70 0 170 0
19 6 0 9 0 4 0
793 157 0 599 0 37 0
6 3 0 0 0 3 0
382 29 0 183 0 170 0
628 292 0 92 0 244 0
999 499 0 499 0 1 0
1000 333 0 333 0 334 0
423 148 0 109 0 166 0
961 367 0 208 0 386 0
312 15 0 75 0 222 0
1000 250 0 500 0 250 0
999 0 0 500 0 499 0
960 394 0 275 0 291 0
260 125 0 84 0 51 0
78 8 0 39 0 31 0
674 312 0 29 0 333 0
180 31 0 83 0 66 0
7 3 0 2 0 2 0
405 198 0 132 0 75 0
527 400 0 49 0 78 0
84 44 0 32 0 8 0
3 1 0 1 0 1 0
999 499 0 250 0 250 0
465 144 0 110 0 211 0
615 161 0 270 0 184 0
290 105 0 58 0 127 0
259 128 0 20 0 111 0
406 76 0 137 0 193 0
5 1 0 1 0 3 0
431 113 0 114 0 204 0
3 2 0 1 0 0 0
4 2 0 0 0 2 0
521 189 0 147 0 185 0
415 207 0 81 0 127 0
304 103 0 114 0 87 0
732 297 0 102 0 333 0
652 188 0 325 0 139 0
205 31 0 77 0 97 0
110 49 0 25 0 36 0
5 2 0 2 0 1 0
779 245 0 313 0 221 0
411 131 0 103 0 177 0
220 15 0 7 0 198 0
531 172 0 107 0 252 0
935 196 0 366 0 373 0
4 3 0 0 0 1 0
193 122 0 5 0 66 0
810 284 0 261 0 265 0
270 91 0 53 0 126 0
551 57 0 243 0 251 0
276 69 0 95 0 112 0
6 1 0 2 0 3 0
417 118 0 145 0 154 0
784 102 0 333 0 349 0
999 333 0 333 0 333 0
478 215 0 26 0 237 0
530 215 0 68 0 247 0
4 1 0 1 0 2 0
674 236 0 245 0 193 0
1000 0 0 500 0 500 0
999 431 0 268 0 300 0
876 367 0 367 0 142 0
230 38 0 95 0 97 0
4 1 0 2 0 1 0
4 2 0 1 0 1 0
117 45 0 42 0 30 0
57 25 0 22 0 10 0
465 124 0 153 0 188 0
566 80 0 217 0 269 0
1000 499 0 1 0 500 0
671 66 0 299 0 306 0
226 83 0 109 0 34 0
1000 0 0 499 0 501 0
44 18 0 14 0 12 0
464 170 0 189 0 105 0
193 42 0 90 0 61 0
822 256 0 332 0 234 0
5 2 0 3 0 0 0
