100
4 2
5 2
6 2
1000 1000
1000 1
1000000 515442
999999 499997
965108 879069
744159 565160
999999 524288
320585 250262
1000000 524287
500000 500000
999999 999999
793226 759181
1000000 499998
582525 547198
500827 484210
687758 553129
490252 374944
648512 512569
999999 262144
500000 249441
967814 877210
902770 879544
905250 896077
913850 822972
1000000 128
1000000 499999
874561 733132
461892 363083
500000 131072
500000 131071
999999 128
2 1
500000 249999
5 1
500000 2
1000000 2
810297 750962
500000 237857
999999 127
1000000 262143
2 2
500000 249998
500000 128
926413 897543
999999 499998
666635 530931
615181 561614
3 1
261017 237443
999999 524287
293221 223645
1000000 127
500000 499999
1000000 524288
936449 847605
981681 775806
4 1
1000000 262144
547362 457625
847916 770456
1000000 475713
1000000 500000
461851 356458
999999 484785
500000 237856
500000 1
500000 262144
1000000 1000000
999999 999998
1000000 475712
560629 481795
587419 580781
500000 250000
1000000 1
808062 761750
3 2
500000 262143
318815 256710
746646 665525
1000000 442146
500000 127
999999 475711
278797 248596
1000000 999999
999999 2
1 1
366986 323725
805124 797652
500000 148836
346898 338886
999999 475712
999999 262143
999999 499999
898117 872149
999999 1
926181 903724
999999 394987
